day from 01/01/2002,sapflow mm,sd
1,-1,0
2,-1,0
3,-1,0
4,-1,0
5,-1,0
6,-1,0
7,-1,0
8,-1,0
9,-1,0
10,-1,0
11,-1,0
12,3.5765,0.72916
13,2.4819,0.4964
14,1.8163,0.35374
15,-1,0
16,-1,0
17,-1,0
18,-1,0
19,-1,0
20,-1,0
21,-1,0
22,-1,0
23,-1,0
24,-1,0
25,-1,0
26,-1,0
27,-1,0
28,-1,0
29,-1,0
30,-1,0
31,-1,0
32,-1,0
33,-1,0
34,-1,0
35,-1,0
36,-1,0
37,-1,0
38,-1,0
39,-1,0
40,-1,0
41,-1,0
42,-1,0
43,-1,0
44,-1,0
45,-1,0
46,-1,0
47,-1,0
48,-1,0
49,-1,0
50,-1,0
51,-1,0
52,-1,0
53,-1,0
54,-1,0
55,-1,0
56,-1,0
57,-1,0
58,-1,0
59,-1,0
60,-1,0
61,-1,0
62,-1,0
63,-1,0
64,-1,0
65,-1,0
66,-1,0
67,-1,0
68,-1,0
69,-1,0
70,-1,0
71,-1,0
72,-1,0
73,-1,0
74,-1,0
75,-1,0
76,-1,0
77,-1,0
78,-1,0
79,-1,0
80,-1,0
81,-1,0
82,0.6574,0.13914
83,2.8739,0.64299
84,-1,0
85,-1,0
86,-1,0
87,-1,0
88,-1,0
89,-1,0
90,-1,0
91,-1,0
92,-1,0
93,-1,-0.22275
94,-1,0
95,-1,0
96,-1,0
97,-1,0
98,-1,0
99,-1,0
100,-1,0
101,-1,0
102,-1,0
103,-1,0
104,-1,0
105,-1,0
106,-1,0
107,-1,0
108,-1,0
109,-1,-0.23563
110,-1,0
111,-1,0
112,-1,-0.25528
113,-1,0
114,-1,-0.1659
115,-1,0
116,-1,0
117,-1,0
118,0.8468,0.23004
119,1.4245,0.30408
120,1.9984,0
121,-1,0
122,-1,0
123,-1,0
124,2.197,0.34243
125,1.966,0.2615
126,-1,-0.12993
127,-1,-0.13344
128,0.9548,0.14239
129,1.3403,0.20012
130,-1,0
131,-1,0
132,-1,0
133,2.913,0.42657
134,2.7845,0.51348
135,1.9637,0.38177
136,1.9261,0.31449
137,1.9657,0.30725
138,2.0894,0.41467
139,2.2484,0.40963
140,2.649,0.48343
141,2.2916,0.34519
142,2.296,0.42419
143,1.519,0.2605
144,1.838,0.3112
145,0.96,0.23933
146,-1,0
147,-1,-0.17341
148,-1,-0.16807
149,-1,-0.16894
150,1.6092,0.27788
151,-1,0
152,-1,0
153,-1,0
154,2.3234,0.41559
155,1.9327,0.35129
156,1.9838,0.3617
157,-1,0
158,-1,0
159,2.5384,0.49165
160,1.6494,0.34865
161,-1,-0.26502
162,2.9136,0.58659
163,-1,-0.25318
164,1.7655,0.36227
165,1.5379,0.31248
166,1.7618,0.352
167,1.6548,0.33182
168,2.0208,0.40648
169,2.173,0.44627
170,2.0832,0.40925
171,2.2158,0.36774
172,2.1803,0.4545
173,2.1909,0.1934
174,1.8603,0.11606
175,1.7609,0.35346
176,1.2521,0.25451
177,1.8675,0.38266
178,1.8371,0.28438
179,2.018,0.38397
180,2.2844,0.4693
181,-1,-0.12894
182,-1,-0.20252
183,1.8202,0.35292
184,1.939,0.36527
185,-1,-0.25578
186,-1,0
187,-1,0
188,-1,0
189,-1,0
190,-1,0
191,-1,0
192,-1,0
193,-1,0
194,-1,0
195,-1,0
196,-1,0
197,-1,0
198,-1,0
199,-1,0
200,-1,0
201,-1,0
202,-1,0
203,-1,0
204,-1,0
205,-1,0
206,-1,0
207,2.1577,0.33125
208,-1,-0.19253
209,2.5577,0.4815
210,2.6523,0.50255
211,-1,0
212,3.3046,0.64119
213,-1,-0.22318
214,2.9539,0.5243
215,3.2079,0
216,-1,-0.17873
217,2.6193,0.5322
218,3.714,0.64558
219,-1,-0.20801
220,-1,-0.24535
221,-1,-0.21637
222,-1,0
223,-1,0
224,3.9182,1.0046
225,3.5442,0.88285
226,3.5782,0
227,4.0024,1.0032
228,-1,-0.26468
229,-1,-0.28328
230,-1,0
231,-1,0
232,-1,-0.27476
233,3.1211,0.85931
234,2.7701,0.74216
235,2.8359,0.80168
236,3.1389,0.87418
237,2.7298,0.77459
238,3.0213,0.85316
239,2.2452,0.64422
240,2.3011,0.65617
241,2.5323,0.72073
242,2.0356,0.58376
243,1.7881,0.50071
244,-1,-0.29459
245,-1,-0.29127
246,2.1908,0.62695
247,1.6633,0.48507
248,1.9719,0.55625
249,1.8761,0.36323
250,1.3274,0.19054
251,1.7675,0
252,-1,0
253,-1,-0.20132
254,-1,0
255,1.6451,0.24598
256,-1,-0.21822
257,-1,0
258,-1,0
259,-1,-0.24392
260,1.4218,0.18949
261,-1,0
262,1.2811,0.18261
263,2.9202,0
264,0.8042,0.10892
265,0.8631,0.11368
266,1.0019,0
267,0.849,0
268,0.8609,0
269,-1,0
270,1.0717,0.14205
271,0.6456,0.082371
272,0.7298,0
273,-1,-0.14018
274,0.8546,0.13042
275,-1,0
276,-1,-0.16772
277,1.7914,0.35668
278,0.8117,0
279,0.3771,0.07167
280,-1,-0.18766
281,-1,-0.20057
282,1.0202,0
283,-1,-0.19567
284,-1,-0.21354
285,-1,-0.19801
286,-1,0
287,-1,0
288,-1,-0.15722
289,-1,-0.19703
290,-1,0
291,-1,0
292,-1,0
293,-1,0
294,-1,0
295,-1,0
296,-1,-0.23082
297,-1,0
298,2.3836,0.35477
299,-1,-0.22833
300,-1,0
301,-1,0
302,-1,-0.16144
303,-1,0
304,1.8087,0.2688
305,1.8954,0
306,-1,0
307,-1,0
308,-1,-0.1264
309,-1,-0.23003
310,0.4119,0
311,0.4882,0
312,1.7644,0.28344
313,1.0918,0.14668
314,4.5236,0.97308
315,2.6947,0.59875
316,3.2905,0.61661
317,2.9426,0.55952
318,1.9078,0.34767
319,2.4634,0.3984
320,2.2022,0.30764
321,1.7855,0.25313
322,1.5848,0.22653
323,1.5799,0.35451
324,-1,-0.20211
325,1.9574,0.29837
326,1.4463,0.20348
327,1.3758,0.18751
328,1.2578,0.17494
329,0.9912,0.12494
330,1.09,0.13843
331,1.056,0.14478
332,0.9843,0.12625
333,0.8795,0.11228
334,-1,0
335,0.8546,0.11107
336,0.7993,0.095094
337,0.8218,0.098926
338,0.7965,0.093767
339,0.7902,0.10169
340,0.7011,0.083592
341,0.7014,0.082549
342,0.7237,0.086406
343,0.6814,0.082621
344,0.2004,0.021
345,0.6068,0.072956
346,0.3189,0.037996
347,0.8882,0.10858
348,0.9567,0.11243
349,0.8809,0.097206
350,1.1344,0.13023
351,0.7814,0.083669
352,1.2023,0.15024
353,1.3024,0.14967
354,1.1289,0.13002
355,0.7955,0.093302
356,0.958,0.11312
357,1.4829,0.17475
358,1.5193,0.19291
359,0.9812,0.12419
360,0.9204,0.11069
361,0.8625,0.099378
362,-1,-0.12007
363,-1,-0.11599
364,1.5582,0.20339
365,1.0492,0
366,1.2053,0.13847
367,1.4592,0.18148
368,1.4868,0.19344
369,1.5948,0.20791
370,1.6367,0.22165
371,1.4732,0
372,1.7161,0.28942
373,1.4457,0.17563
374,1.561,0.20641
375,1.426,0.19174
376,1.2859,0.16957
377,1.1958,0.16837
378,1.1349,0.19216
379,1.2082,0.14972
380,0.9083,0.17339
381,0.5209,0.098915
382,1.1936,0.23177
383,1.1593,0.22532
384,1.0037,0.18893
385,0.9267,0.17414
386,1.0277,0.19606
387,0.84,0.15922
388,1.2339,0.17597
389,1.2974,0.19029
390,1.6452,0.259
391,-1,0
392,-1,0
393,0.8105,0.097222
394,-1,-0.13182
395,1.3434,0.19668
396,1.2085,0.17654
397,1.544,0.23077
398,1.4676,0.19861
399,1.1143,0.15633
400,0.9723,0.13456
401,1.2607,0.18169
402,1.1928,0.16881
403,2.0554,0.3206
404,1.8904,0.28474
405,1.2029,0.16756
406,0.9651,0.12268
407,1.4233,0.18359
408,1.0992,0.13504
409,0.5746,0.064187
410,1.2482,0.15325
411,1.6097,0.20432
412,0.5262,0.063686
413,0.9594,0.12025
414,1.1286,0.14339
415,1.0854,0.13235
416,1.117,0.13564
417,2.0656,0.26973
418,0.3547,0.041244
419,0.2558,0.033675
420,1.3919,0.16471
421,1.5475,0.19527
422,0.8731,0.11144
423,1.715,0.23475
424,1.5093,0.20198
425,0.6179,0.12876
426,3.0453,0.63309
427,3.5787,0.75132
428,2.2395,0.4661
429,1.3642,0.28363
430,2.4418,0.50844
431,0.7412,0.14943
432,3.0049,0.57127
433,2.41,0.38344
434,1.9148,0.29047
435,2.6311,0.37816
436,2.129,0.29671
437,0.6318,0.079331
438,0.8398,0.10163
439,0.8854,0.11148
440,0.7254,0.085067
441,1.9757,0.27907
442,2.1508,0.28953
443,2.3121,0.31663
444,1.8806,0.24593
445,2.0985,0.28203
446,0.1209,0
447,1.958,0.25696
448,2.4815,0.34998
449,1.1217,0
450,0.8943,0.10554
451,1.1842,0.17371
452,1.9889,0.31529
453,0.7616,0.09451
454,0.7868,0.099516
455,1.576,0.20721
456,1.3026,0.19397
457,0.8147,0.11153
458,1.8998,0.30232
459,2.2675,0.3873
460,1.7514,0.29223
461,1.737,0.2669
462,2.8325,0.45551
463,2.741,0.428
464,1.4466,0.20332
465,2.6736,0.45792
466,1.4934,0.20376
467,2.0929,0.31403
468,1.6327,0.23221
469,2.5106,0.39343
470,0.2957,0.037114
471,1.7203,0.22053
472,2.4858,0.38404
473,1.8542,0.27322
474,2.0445,0.33743
475,-1,-0.30103
476,3.926,0.68086
477,-1,-0.20382
478,-1,-0.35345
479,-1,-0.29665
480,-1,-0.2711
481,-1,0
482,-1,0
483,-1,0
484,-1,0
485,-1,0
486,2.419,0.417
487,2.2016,0.34432
488,2.2492,0.39772
489,1.6769,0.25825
490,-1,-0.21497
491,-1,0
492,3.0568,0.52727
493,2.7541,0.44887
494,2.8198,0.47753
495,2.236,0.35639
496,2.044,0.31225
497,2.6343,0.425
498,2.2429,0.34283
499,2.6538,0.424
500,2.0306,0.30875
501,1.6283,0.24348
502,1.7952,0.25111
503,1.72,0
504,1.8018,0.28327
505,2.2573,0
506,2.6373,0.43178
507,1.6673,0.26034
508,2.4995,0.40209
509,2.2873,0.37359
510,2.5282,0.42515
511,1.965,0.32135
512,1.6631,0.26931
513,1.407,0.21298
514,1.0768,0.15805
515,1.9431,0.31358
516,1.9808,0.30951
517,1.9622,0.31425
518,1.9398,0
519,2.3871,0.39585
520,1.976,0.31913
521,2.3699,0.39502
522,1.7983,0.28474
523,2.3363,0.34417
524,-1,0
525,-1,0
526,-1,0
527,-1,0
528,1.8304,0.26454
529,1.3052,0.17429
530,2.0414,0
531,2.9381,0.48521
532,1.4661,0
533,2.4616,0.3943
534,-1,-0.16318
535,-1,0
536,-1,0
537,-1,0
538,-1,0
539,-1,0
540,-1,0
541,-1,0
542,-1,0
543,2.846,0.46599
544,2.9396,0.45607
545,2.8133,0.50447
546,2.9301,0.5048
547,-1,-0.35724
548,-1,-0.35818
549,-1,-0.19235
550,-1,-0.18841
551,-1,-0.31692
552,-1,-0.3144
553,-1,-0.16178
554,-1,-0.18061
555,-1,-0.31344
556,-1,0
557,-1,0
558,-1,0
559,-1,-0.19093
560,2.461,0.42565
561,2.7565,0.47203
562,3.3327,0.57933
563,3.1497,0.5755
564,3.2015,0.57625
565,3.2941,0.5977
566,2.8695,0.55616
567,3.185,0.57458
568,3.3628,0.61691
569,2.7492,0.51192
570,2.8118,0.52638
571,1.9815,0.37611
572,1.9296,0.34145
573,2.1369,0.3668
574,2.2101,0.36285
575,2.569,0.43534
576,2.6968,0.47099
577,-1,0
578,2.7662,0.53734
579,3.0572,0.57866
580,2.7074,0.48244
581,2.756,0.49467
582,2.3564,0.41946
583,2.6001,0.424
584,2.7602,0.47312
585,2.6539,0.46215
586,2.4297,0.40549
587,2.4913,0.4269
588,2.6144,0.45254
589,2.3903,0.42084
590,2.7445,0.49062
591,2.5322,0.45517
592,2.4045,0.43681
593,1.9201,0.33971
594,1.8562,0.32079
595,2.2807,0
596,1.8939,0.31649
597,1.9738,0.34367
598,2.4865,0.45363
599,2.2049,0.42917
600,2.3289,0.44752
601,2.0943,0.40581
602,2.092,0.40086
603,2.0497,0.39219
604,1.8975,0.36168
605,1.8734,0.32934
606,1.7796,0.33262
607,1.8345,0
608,1.9399,0.35028
609,1.9399,0.34988
610,1.9726,0.37006
611,2.092,0.39388
612,1.8927,0.35435
613,1.8522,0.34623
614,1.8501,0.34925
615,1.6169,0.30242
616,1.6093,0.30431
617,1.5317,0.26747
618,-1,-0.188
619,1.5559,0.29207
620,1.4126,0.25409
621,1.2398,0.22125
622,1.3131,0.24006
623,1.4743,0.27569
624,1.5253,0.28146
625,1.3894,0.25092
626,1.3444,0.24136
627,1.1539,0.21006
628,1.2655,0.2286
629,1.3142,0.23282
630,1.2797,0.22303
631,1.2889,0.23258
632,1.385,0.24638
633,1.3018,0.23645
634,1.1536,0.19275
635,1.3965,0.23035
636,1.6068,0.48148
637,-1,-0.21305
638,2.1367,0.46044
639,1.7148,0.37069
640,1.7295,0.34667
641,1.414,0.30349
642,1.4269,0.022699
643,1.6063,0.23413
644,1.6795,0.29356
645,1.5754,0.34054
646,1.4157,0.24264
647,1.2917,0.20855
648,1.2392,0.15784
649,1.1676,0.25222
650,1.0395,0.22422
651,1.0701,0.10453
652,1.0387,0.12559
653,1.1421,0.23609
654,2.0442,0.44034
655,0.7313,0.14972
656,0.5209,0
657,1.6852,0.36111
658,1.5428,0.30855
659,1.4106,0.30487
660,1.4744,0.31841
661,1.6538,0.3573
662,1.7034,0.36773
663,1.6767,0.36201
664,1.4574,0
665,1.6704,0.36037
666,1.5352,0.33153
667,1.2671,0.2447
668,1.2361,0.19072
669,-1,0
670,-1,0
671,-1,0
672,1.4906,0.33825
673,1.1158,0
674,1.264,0.18724
675,1.1338,0
676,1.1111,0
677,0.9111,0.19693
678,0.8036,0
679,1.0895,0.23542
680,1.0662,0.22255
681,0.8417,0.15922
682,1.035,0.095903
683,0.9143,0.16611
684,0.9094,0.13403
685,0.8867,0.15485
686,1.1257,0.19867
687,1.2109,0.21754
688,1.3478,0
689,1.2017,0
690,1.7857,0.31161
691,2.3051,0.44201
692,-1,0
693,-1,0
694,-1,0
695,-1,0
696,-1,0
697,-1,0
698,-1,0
699,-1,0
700,-1,0
701,-1,-0.15317
702,2.2956,0.47
703,-1,-0.27868
704,1.8831,0.46021
705,2.3814,0.77143
706,1.8811,0
707,-1,0
708,-1,0
709,-1,0
710,-1,0
711,-1,0
712,-1,0
713,-1,0
714,-1,0
715,0.9006,0.16413
716,-1,0
717,-1,0
718,-1,0
719,-1,0
720,-1,0
721,-1,0
722,-1,0
723,-1,0
724,-1,0
725,-1,0
726,-1,0
727,-1,0
728,-1,0
729,-1,0
730,-1,0
